case 0:
47 1322
33 47 28 9 13 4 31 49 28 34 7 56 45 31 36 75 42 25 25 14 13 62 43 34 41 90 4 21 21 17 86 7 27 11 2 66 31 90 55 13 92 27 96 61 86 61 99
365 279 4 878 705 929 446 463 264 476 302 67 543 690 706 339 348 946 835 492 988 294 754 95 912 1000 940 138 666 833 886 842 508 630 288 235 386 746 558 983 303 412 54 387 458 341 445
std timer: 0.028882265090942383
sol timer: 0.015221118927001953
168
case 1:
62 7834
6 88 15 56 49 38 1 5 1 67 29 65 67 30 88 65 90 19 12 11 74 24 63 38 100 100 88 15 59 86 64 51 55 97 75 54 19 93 11 8 11 19 58 99 75 96 4 37 75 14 18 76 94 42 20 65 40 44 14 36 57 81
138 194 979 879 228 1000 541 373 354 26 454 727 371 663 844 393 671 599 95 476 256 870 73 679 548 834 978 53 927 621 685 249 479 151 62 630 204 440 565 936 764 899 41 245 48 713 955 898 299 1 146 317 731 295 27 960 763 802 653 283 312 517
std timer: 2.8295464515686035
sol timer: 0.015025138854980469
54
case 2:
72 5340
100 86 30 8 99 42 47 98 84 26 42 85 73 74 18 14 62 2 23 69 83 7 37 81 60 94 51 46 63 6 48 55 53 81 20 93 50 45 62 50 32 98 83 46 30 84 9 63 73 47 88 12 2 47 66 88 84 64 1 18 31 29 54 90 41 80 30 59 75 97 9 17
692 645 736 158 739 542 914 776 860 673 136 524 260 679 10 907 738 300 758 996 1000 199 805 478 290 258 753 650 136 346 17 697 324 988 248 10 364 817 503 157 205 398 669 946 748 500 63 642 228 240 148 869 749 149 113 175 951 722 779 887 416 521 23 240 616 759 642 562 960 438 661 915
std timer: 2.217050790786743
sol timer: 0.014375925064086914
100
case 3:
60 9561
35 89 32 5 94 36 23 59 65 86 73 8 7 35 76 36 48 75 11 47 6 33 3 94 76 20 90 82 80 43 3 86 95 21 86 43 76 24 3 73 11 19 44 94 6 79 53 68 38 49 4 17 12 83 28 99 42 95 51 19
914 516 380 137 772 319 786 492 66 218 934 216 901 576 477 533 714 292 467 426 816 334 972 736 800 820 248 314 972 597 41 958 647 567 341 488 891 466 418 512 561 861 285 155 181 410 919 806 511 539 756 546 781 664 635 55 314 745 969 44
std timer: 2.7811880111694336
sol timer: 0.014620065689086914
70
case 4:
21 4945
15 79 75 81 50 71 24 47 41 5 80 33 10 28 27 65 3 85 47 45 47
201 403 61 422 358 658 301 146 457 818 621 770 712 717 422 995 147 674 959 299 482
std timer: 0.06612563133239746
sol timer: 0.01448512077331543
71
case 5:
46 4413
100 67 93 8 66 29 60 76 82 14 98 74 79 71 3 28 99 30 20 81 16 64 85 66 87 91 92 19 56 31 91 74 29 52 13 43 63 71 22 83 90 23 94 55 10 17
596 605 854 442 863 375 719 303 122 859 491 61 185 570 734 586 214 90 102 443 894 149 566 15 737 978 140 957 477 177 12 848 171 744 668 704 831 749 184 976 825 414 751 6 560 474
std timer: 0.5759260654449463
sol timer: 0.014174699783325195
100
case 6:
50 1309
71 46 56 20 14 86 80 56 58 63 13 93 15 79 95 36 82 35 98 39 74 77 75 77 34 32 97 55 81 54 42 42 19 15 20 42 66 54 11 27 54 98 69 38 64 81 52 81 84 48
536 924 211 345 370 52 269 296 175 935 350 887 229 33 86 850 520 862 943 445 593 313 130 381 741 859 264 26 285 13 380 934 504 593 733 866 641 404 866 167 866 358 977 114 58 413 240 612 142 383
std timer: 0.0404508113861084
sol timer: 0.014554262161254883
377
case 7:
92 9231
70 17 39 100 26 59 70 47 61 32 10 25 81 18 34 74 60 14 82 14 76 34 42 21 79 38 11 73 21 36 82 66 77 66 28 58 87 32 51 63 99 44 47 3 99 69 58 24 81 53 76 5 58 98 74 93 86 48 93 50 13 62 86 100 85 48 27 39 70 16 78 92 83 30 19 97 91 86 37 33 49 19 27 13 13 86 19 65 3 10 25 82
624 543 611 852 983 347 9 280 428 757 199 26 786 753 14 778 528 35 388 192 623 625 608 939 537 913 529 376 171 491 556 443 279 696 92 31 698 972 198 921 896 139 144 804 355 274 779 348 446 31 749 189 395 205 297 177 234 161 893 608 889 829 360 525 692 625 273 776 498 976 275 386 582 129 92 247 446 497 910 429 29 561 121 488 737 231 34 389 469 586 208 164
std timer: 8.938703536987305
sol timer: 0.014500856399536133
99
case 8:
30 9841
59 36 98 85 7 72 96 23 20 86 71 83 24 69 9 47 95 15 83 37 56 62 30 27 93 99 2 94 58 54
798 282 967 678 975 399 111 601 142 115 165 10 582 63 782 188 429 648 765 832 749 758 258 562 846 977 307 326 275 823
std timer: 0.37017035484313965
sol timer: 0.014368057250976562
85
case 9:
22 1409
4 29 81 11 26 9 85 26 16 42 13 93 97 36 74 100 42 92 50 3 73 16
609 985 62 35 940 292 679 286 404 16 277 794 980 878 794 753 974 233 688 337 584 471
std timer: 0.015014171600341797
sol timer: 0.014034509658813477
76
