434 718 8 69264
5669 8887 6764 6353 4589 521 5525 5440 5912 5022 2475 6966 9338 9701 9803 2131 3062 1275 4115 79 6994 2987 1155 8111 5339 189 9864 2455 6254 7283 9426 2500 7084 5738 4908 8190 1929 6207 3679 4712 3825 3677 6499 685 1195 8996 1817 6834 3916 9823 2225 2777 4337 2813 7267 9969 4408 9490 5025 5549 5416 3532 3948 9201 7114 5169 683 2697 1961 155 2134 8924 9439 6504 711 27 9055 650 9506 4678 737 4471 6956 3754 4995 2932 1396 773 2997 1642 6343 3262 513 7577 6233 8838 2394 6063 4829 1784 1866 3423 2619 507 4856 4826 9909 3513 9150 1296 9992 3441 4939 8787 1132 2754 1625 3742 1035 5599 1860 4350 6716 8839 4974 334 9011 1071 7946 386 6101 2672 2685 2445 9191 4415 2021 330 3322 4248 2539 3293 467 8490 9872 8462 7805 4996 3954 6243 8424 7688 2814 692 6915 7269 983 5263 958 6344 7836 7031 6657 1763 2993 2281 8410 8626 3878 2651 8088 8169 3542 1542 8044 3523 992 1782 4412 6030 8438 1201 961 7404 4714 9025 8702 5136 3491 745 425 9132 9651 486 8375 9669 812 1250 5628 1763 7670 830 5694 1844 4995 1890 743 8625 9710 8497 2539 7189 5411 5876 7184 9105 5944 7371 9757 6509 2232 8183 4965 7529 9163 4415 4907 7597 8575 2176 3184 281 3471 7924 6325 5255 1896 6487 8427 6169 3747 1264 6270 8477 4435 3758 772 2583 1387 2048 2411 3037 9673 248 7296 6257 2485 7904 5661 471 6915 5565 1643 8385 5824 4535 6198 4913 3571 4708 6685 6733 8010 5146 2434 6669 4990 6552 687 8237 1131 8616 5608 6455 1579 8579 2666 4206 6587 3736 9148 9098 5275 5162 3030 2342 2705 8959 4335 8816 7684 7347 5741 6232 4862 8476 8702 1101 9567 8667 2710 7906 2346 6934 5151 2051 539 5297 8844 5650 29 2412 1480 4811 3853 3900 6864 3379 6465 9744 7617 6103 4729 6641 8262 4731 9653 326 3033 6168 7308 5369 2627 1464 1181 104 3762 4105 9729 1710 3712 317 5883 6503 8290 9063 6659 5456 8581 2461 432 5296 5920 331 4046 5346 4657 7436 807 7589 3554 6971 726 552 5564 7791 9552 1928 9585 1041 756 3359 2117 2455 3287 3495 8092 3716 2719 4127 6549 3213 211 2001 6121 9213 4276 6173 8167 6399 5236 4282 2756 6911 7137 171 3240 1401 172 1655 2036 4687 2838 7222 3400 7718 7198 7752 1681 3179 5344 5622 4551 4013 5291 8306 218 1073 594 885 365 105 8228 7262
132 257
185 381
351 427
11 266
166 276
139 304
192 294
147 384
113 184
156 346
331 343
82 119
139 266
227 287
313 398
10 125
185 421
316 388
35 217
154 218
107 204
71 202
205 314
137 154
206 335
181 427
92 415
90 101
130 241
81 185
189 364
219 286
142 246
179 329
109 345
144 227
117 165
106 328
96 208
59 357
91 233
28 402
57 298
191 434
215 244
222 433
106 369
107 410
246 272
44 67
352 354
65 424
165 264
332 429
36 343
183 220
224 378
178 312
46 135
115 388
277 424
127 268
77 361
96 367
79 421
114 288
313 353
200 324
19 431
34 244
274 340
363 414
283 352
62 255
68 213
344 394
180 337
25 83
264 314
23 208
23 205
177 305
152 198
66 421
158 387
55 417
84 232
126 312
47 383
160 239
165 361
65 309
122 335
225 230
60 314
44 143
152 367
239 346
108 330
82 365
110 152
42 317
35 149
182 384
180 209
223 256
117 310
33 297
56 91
98 239
55 251
163 203
166 236
309 405
25 290
83 107
140 308
183 247
92 386
12 211
79 183
35 288
401 432
20 354
126 406
311 432
154 362
197 360
4 73
283 297
69 128
104 309
83 422
357 414
20 170
105 191
241 399
159 186
185 431
146 323
160 391
49 200
148 380
409 428
103 182
255 261
233 370
23 197
173 357
127 128
2 68
5 356
281 395
72 154
360 396
133 227
101 208
141 294
139 277
184 359
358 377
88 410
348 410
286 415
246 251
210 315
189 256
319 349
157 425
197 340
257 394
47 93
52 369
132 338
133 241
133 362
65 309
124 224
89 161
208 291
38 141
42 352
268 301
95 363
161 241
33 351
114 366
7 102
248 413
152 401
415 432
60 184
138 177
215 277
71 292
406 418
40 268
265 350
198 290
135 245
238 294
68 282
302 332
5 317
128 349
108 190
65 239
287 410
50 240
123 291
167 336
233 365
22 180
108 381
83 141
11 188
198 275
24 399
343 414
225 230
314 406
162 308
204 309
192 360
9 236
96 294
133 336
131 332
65 145
272 303
280 301
287 357
236 322
248 257
319 340
25 260
47 427
28 396
229 322
175 361
124 421
210 361
17 363
282 339
60 188
84 370
330 383
68 315
219 236
94 95
71 142
374 412
104 138
254 381
297 429
57 139
166 369
69 398
285 317
229 357
147 158
232 346
299 353
6 195
116 421
287 422
186 228
89 204
164 405
174 407
225 270
34 411
1 361
162 317
3 198
196 264
45 143
399 413
235 289
212 214
13 356
35 184
88 407
110 226
56 377
12 259
156 416
67 328
189 290
71 430
195 312
8 150
111 419
55 337
60 136
66 286
18 75
276 429
226 269
39 89
150 426
25 429
29 412
175 226
382 432
283 336
23 71
152 357
329 403
182 294
47 339
220 385
28 104
115 350
208 255
136 357
169 425
10 363
140 402
272 353
197 339
375 428
371 403
319 421
195 362
250 402
213 361
103 229
211 354
278 368
29 375
100 399
258 308
42 50
154 400
141 405
70 362
49 140
15 83
62 429
72 288
278 312
87 220
51 72
60 128
182 191
111 176
84 430
170 371
329 365
126 330
158 222
239 421
182 397
116 397
6 407
90 218
84 412
112 115
41 160
150 385
41 102
3 107
84 314
18 160
102 129
108 262
35 122
343 426
259 277
110 303
19 298
83 343
123 350
357 377
241 339
165 168
231 317
52 63
216 370
29 386
132 241
50 130
1 319
228 302
80 86
140 342
343 375
94 305
53 204
108 314
226 260
33 373
15 286
81 274
92 156
38 239
415 424
94 284
46 95
31 274
299 350
194 348
105 114
137 293
174 294
55 313
81 140
4 133
23 324
175 219
301 398
183 333
292 353
91 361
295 299
61 185
185 229
157 223
114 410
283 319
215 232
17 305
7 185
271 278
294 419
151 371
234 242
165 341
134 401
259 339
170 199
19 389
166 212
14 222
197 413
177 374
136 177
94 303
106 360
207 332
205 351
282 283
70 216
94 115
293 301
339 411
154 238
94 156
30 243
63 152
191 320
318 391
193 286
35 269
102 186
4 75
77 191
217 296
27 269
67 412
203 355
226 321
23 208
123 123
29 404
18 394
291 377
203 328
8 251
234 427
235 386
199 253
121 169
292 356
18 24
193 261
136 333
357 386
92 345
64 154
155 351
48 392
227 321
154 321
94 221
159 344
253 392
20 59
219 414
361 415
222 416
280 298
110 168
20 193
93 361
181 343
117 426
155 263
137 262
125 236
113 215
383 434
309 326
116 224
86 195
12 171
87 420
168 414
112 257
307 381
211 366
217 363
110 207
84 381
241 264
76 376
83 352
141 285
271 353
78 321
151 225
91 305
237 426
185 190
14 61
167 285
74 87
69 403
13 114
2 211
33 148
176 372
147 392
176 187
55 429
43 319
27 29
163 341
99 374
377 417
77 247
24 66
98 325
342 348
133 356
396 420
48 272
210 318
85 343
353 372
75 274
253 333
226 253
42 297
105 342
236 381
55 299
192 255
72 256
81 425
173 376
292 372
238 432
186 244
62 434
269 400
234 421
9 19
192 195
212 379
231 310
121 221
191 278
36 63
212 357
244 257
144 186
40 117
331 380
132 255
111 421
306 403
226 397
130 137
30 408
9 163
240 285
151 264
16 353
313 379
142 259
24 169
316 391
138 412
269 395
76 286
23 207
73 293
121 434
24 47
83 281
50 51
37 133
378 384
314 419
283 433
342 379
149 233
31 325
34 125
113 192
116 290
34 96
270 303
367 418
307 357
317 387
171 397
216 354
152 378
120 431
296 380
33 300
345 355
223 284
292 391
350 402
215 282
91 357
241 390
312 377
58 331
135 217
62 110
60 123
21 367
251 414
95 322
75 195
129 414
143 152
397 401
99 386
291 398
100 282
344 425
335 389
399 409
178 366
34 278
330 416
201 399
114 140
86 105
88 134
216 246
176 340
203 293
178 241
50 183
8 80
104 239
147 404
196 342
47 303
23 352
97 265
114 376
87 188
257 277
62 301
153 302
293 369
251 400
7 315
282 364
134 193
20 314
221 232
98 395
256 381
7 199
208 432
313 401
63 398
71 124
77 182
120 222
224 411
195 397
105 329
85 260
60 431
143 322
37 366
155 335
266 411
225 274
267 400
175 365
107 205
59 84
25 356
207 242
83 427
76 108
115 301
19 135
114 268
58 66
15 262
221 374
103 304
261 356
325 378
133 309
7 65
